P
0.00825339085179937	-0.00448228365852462	-0.0139887972939027	0.694304839327535
-0.000616996595370157	-0.0158330749386985	0.00159178936948781	0.719304280815422
-1.13624751749874e-05	-8.12360173483789e-06	-1.61091329530149e-05	0.00215516010624691

K
0.0148924913544193	0.000196888224021142	0.00787849689748811
0	0.0150661545557207	0.00515865555286372
0	0	2.13214190837846e-05

R
0.834251702594095	-0.0872452471835555	-0.544437658104887
0.141517288583674	-0.920446753135570	0.364349600897424
-0.532913645678902	-0.381006616066003	-0.755537560127327