K
0.0146835031782058	-5.31640646673176e-05	0.00548033697119595
0				0.0147727244642940	0.00621133978777497
0				0				1.72252109094231e-05

P
0.00856461950838678	-0.00404063872587329	-0.0124885033804512	0.677494453501826
0.000483280287465993	-0.0157762824775892	0.00277299141870356	0.735183035094202
-9.51419801945861e-06	-9.03493971113926e-06	-1.11605461934762e-05	0.00217112225734557

R
0.790391950056092	-0.0824838707043659	-0.607023044340290
0.264951853633170	-0.847394170819459	0.460134365721088
-0.552341452855817	-0.524518379406124	-0.647919276702197